kinematics:
  shoulder:
    x: 0
    y: 0
    z: 0.1624709311095997
    roll: -0
    pitch: 0
    yaw: -9.841010659150662e-09
  upper_arm:
    x: 0.0001956636050049914
    y: 0
    z: 0
    roll: 1.571328456573005
    pitch: 0
    yaw: 3.083405998816498e-06
  forearm:
    x: -0.4250969828212548
    y: 0
    z: 0
    roll: 3.139052444014408
    pitch: 3.139723536694697
    yaw: 3.141587621821572
  wrist_1:
    x: -0.3921000433172021
    y: -0.0002552701333557868
    z: 0.1336932623749664
    roll: 0.001909369392361092
    pitch: 0.0002332292795846948
    yaw: 5.431794654604642e-06
  wrist_2:
    x: 1.789072941452654e-05
    y: -0.09971817408730781
    z: 1.389896757669562e-05
    roll: 1.570656944304053
    pitch: 0
    yaw: 1.16559436524194e-06
  wrist_3:
    x: -3.714461520439774e-06
    y: 0.09960200307890132
    z: -3.332448206175979e-05
    roll: 1.570461750382895
    pitch: 3.141592653589793
    yaw: 3.141592514335758
  hash: calib_1066538090570418112