kinematics:
  shoulder:
    x: 0
    y: 0
    z: 0.1624818656803382
    roll: -0
    pitch: 0
    yaw: 5.562858652885527e-08
  upper_arm:
    x: 0.0001403329029760501
    y: 0
    z: 0
    roll: 1.570392476240151
    pitch: 0
    yaw: -4.289368774832072e-07
  forearm:
    x: -0.4251479326242394
    y: 0
    z: 0
    roll: 3.139796516372753
    pitch: 3.139816995765509
    yaw: 3.141587333763908
  wrist_1:
    x: -0.3921277692953434
    y: -0.0003382917579782246
    z: 0.1338345515446318
    roll: 0.002527680883640716
    pitch: 0.0004254164260458855
    yaw: 3.683729236708774e-06
  wrist_2:
    x: 5.378396160703437e-05
    y: -0.09982061389580281
    z: -2.500124306395292e-05
    roll: 1.571046788513828
    pitch: 0
    yaw: 1.088942152380201e-06
  wrist_3:
    x: -5.605423122531604e-06
    y: 0.0994790644951168
    z: 0.0001098781513297891
    roll: 1.571900861776239
    pitch: 3.141592653589793
    yaw: -3.141592580664188
  hash: calib_14336849851808287237